0.441 1
0.929 2
1.393 3
1.881 1
2.345 2
2.821 3
3.39 1
3.959 2
4.493 3
5.016 1
5.538 2
6.107 3
6.664 1
7.221 2
7.744 3
8.266 1
8.8 2
9.334 3
9.892 1
10.449 2
10.983 3
11.517 1
12.051 2
12.585 3
13.119 1
13.653 2
14.199 3
14.745 1
15.395 2
16.022 3
16.695 1
17.392 2
18.03 3
18.622 1
19.215 2
19.737 3
20.283 1
20.828 2
21.386 3
21.966 1
22.5 2
23.034 3
23.568 1
24.079 2
24.636 3
25.194 1
25.728 2
26.215 3
26.773 1
27.33 2
27.864 3
28.421 1
28.99 2
29.536 3
30.081 1
30.627 2
31.15 3
31.718 1
32.241 2
32.752 3
33.297 1
33.843 2
34.354 3
34.888 1
35.41 2
35.944 3
36.479 1
37.024 2
37.523 3
38.011 1
38.499 2
39.01 3
39.532 1
40.054 2
40.588 3
41.123 1
41.657 2
42.191 3
42.701 1
43.212 2
43.746 3
44.28 1
44.815 2
45.325 3
45.836 1
46.324 2
46.835 3
47.322 1